step,action,psnr_value,mse_value,ssim_value,rank,action
1,10036,7.861950578253454,0.16462074027204798,0.03783697262406349,1,[ 0 16  1 11]
2,333526,7.884521689284197,0.16387623585958244,0.0387466661632061,2,[21  8 16  1]
3,29356,8.744677406765245,0.16520745569270803,0.09277816116809845,3,[ 1 21 24  6]
4,389565,8.557215839373999,0.1404074989507302,0.05564866587519646,4,[24 23  7 15]
5,145621,8.662123999466516,0.13908593929952404,0.06623048335313797,5,[ 9  7 24 21]
6,304181,8.662513896184738,0.13877985228910183,0.06726033985614777,6,[19 11 17  6]
7,321042,8.682653187298797,0.13819044190017649,0.0648261234164238,7,[20 13 16 17]
8,388813,8.673152547493325,0.13835881563733274,0.07117151468992233,8,[24 22  2 13]
9,239973,8.75657699497047,0.13533275043174425,0.08302709460258484,9,[15  8 23 23]
10,331384,8.690004851212489,0.1355188347584848,0.10373038053512573,10,[21  5  5  9]
11,163783,9.103649771295416,0.12346458210465171,0.10396432876586914,11,[10 12  1  8]
12,111821,9.14871303812869,0.1221099322599197,0.10633038729429245,12,[ 7  3 22 21]
13,293416,9.455002484705407,0.11371549448021688,0.11479165405035019,13,[18 19 11 16]
14,102164,9.480709770399189,0.113117070720007,0.1164838969707489,14,[ 6 13 11 14]
15,101455,9.367285787522903,0.11618813127352141,0.11061614751815796,15,[ 6 12  8  5]
16,50794,9.34115546090374,0.11694635308249025,0.10719935595989227,16,[ 3  6  6 19]
17,12363,9.37687349520137,0.11608643723085936,0.10792993754148483,17,[ 0 19 19 13]
18,63664,9.364387118038868,0.11657038050426403,0.10553684085607529,18,[ 4  1 21 14]
19,211236,9.32404526228045,0.11789158815903829,0.1166294515132904,19,[13 12 24 11]
20,243612,9.53444831881101,0.11450254790375874,0.12302613258361816,20,[15 14 19 12]
21,335162,9.475877611529244,0.115017958111022,0.13060486316680908,21,[21 11  6 12]
22,319587,9.70854141112722,0.11012363157305827,0.13383370637893677,22,[20 11  8 12]
23,231098,9.621946350535397,0.11274503355536618,0.11991093307733536,23,[14 19 18 23]
24,241342,9.752845704678673,0.10902295927264631,0.13630367815494537,24,[15 11  3 17]
25,38323,9.766403541075451,0.1087089217612156,0.13848841190338135,25,[ 2 11  7 23]
26,110211,9.76454116180702,0.10875963514033028,0.13806399703025818,26,[ 7  1  8 11]
27,115083,9.78598808286025,0.10898869069841764,0.14199648797512054,27,[7 9 3 8]
28,296159,9.796218038131252,0.10891548712627934,0.14249135553836823,28,[18 23 21  9]
29,360100,9.820829882905691,0.10909181613520304,0.1400117576122284,29,[23  1  4  0]
30,243289,9.808705826437405,0.10959237989507065,0.13842399418354034,30,[15 14  6 14]
31,201578,9.805195153590203,0.10976725241297482,0.14777593314647675,31,[12 22 13  3]
32,235483,9.701436969799438,0.11412101464207808,0.18498003482818604,32,[15  1 19  8]
33,365250,9.733635420208877,0.11345927821404111,0.18839038908481598,33,[23  9 10  0]
34,53409,9.757448406985878,0.1129716106120235,0.19148418307304382,34,[ 3 10 11  9]
35,207036,9.765452300107317,0.11048891307007216,0.17859797179698944,35,[13  6  6 11]
36,217181,9.733796387509097,0.11127811468862628,0.17571233212947845,36,[13 22 12  6]
37,314518,9.735683134804468,0.11105658455197118,0.17617280781269073,37,[20  3  5 18]
38,66990,9.686614866619403,0.11175095558416842,0.17580722272396088,38,[ 4  7  4 15]
39,212261,9.687740300005272,0.11181340236032665,0.17616939544677734,39,[13 14 15 11]
40,106924,9.670553681563618,0.1121168046011324,0.1789124608039856,40,[ 6 21  1 24]
41,147706,9.713530577569855,0.11099396922681262,0.18553408980369568,41,[ 9 11  8  6]
42,132925,9.734702431465742,0.11037383022794342,0.18753771483898163,42,[ 8 12 17  0]
43,338189,9.711547176077866,0.11105595670772454,0.1865149736404419,43,[21 16  2 14]
44,119356,9.712433883859262,0.11103666730755649,0.18655449151992798,44,[ 7 15 24  6]
45,327100,9.724429437021218,0.11074106367189775,0.1866104155778885,45,[20 23  9  0]
46,127186,9.718010643073027,0.11094179356893982,0.18675926327705383,46,[ 8  3 12 11]
47,147187,9.675716919516077,0.11164504113767179,0.18502050638198853,47,[ 9 10 12 12]
48,224353,9.652567216499952,0.1127075249292956,0.18947017192840576,48,[14  8 24  3]
49,47338,9.652379290860914,0.11271397085864665,0.1894376128911972,49,[ 3  0 18 13]
50,299678,9.612891417436794,0.11453834221968909,0.1933092474937439,50,[19  4 12  3]
51,130489,9.649862087213574,0.11348926970983789,0.19408953189849854,51,[ 8  8 19 14]
52,231425,9.668084975610382,0.11305721521268063,0.19621554017066956,52,[14 20  7  0]
53,100642,9.68371886792691,0.11280435995168264,0.1952984631061554,53,[ 6 11  0 17]
54,378484,9.678895335698154,0.1129114871062216,0.19432327151298523,54,[24  5 14  9]
55,271802,9.679969039384105,0.1128438275244338,0.19425781071186066,55,[17  9 22  2]
56,355974,9.675227232078825,0.11271902136139764,0.19588275253772736,56,[22 19 13 24]
57,98435,9.696171030005548,0.11188039917954404,0.19494283199310303,57,[ 6  7 12 10]
58,268394,9.691374682368775,0.11198424675808642,0.1946423351764679,58,[17  4 10 19]
59,223919,9.726589635067779,0.11095891994133932,0.19783063232898712,59,[14  8  6 19]
60,39457,9.701595894146045,0.11239755914031718,0.19353076815605164,60,[ 2 13  3  7]
61,121521,9.713102889507558,0.11206732353359548,0.19774742424488068,61,[ 7 19 10 21]
62,138242,9.705622850375171,0.11176544314297203,0.1970026046037674,62,[ 8 21  4 17]
63,135438,9.701083166382084,0.11201394941461028,0.1962103247642517,63,[ 8 16 17 13]
64,1971,9.740346653048862,0.11079792247519209,0.19928142428398132,64,[ 0  3  3 21]
65,297476,9.792438046834672,0.1100581727102759,0.21205711364746094,65,[19  0 24  1]
66,151803,9.752997319048113,0.11107308433052604,0.21169954538345337,66,[ 9 17 22  3]
67,271592,9.799157658705571,0.10984538686721089,0.22033371031284332,67,[17  9 13 17]
68,369028,9.833821326559582,0.1085327306507212,0.22719015181064606,68,[23 15 11  3]
69,153168,9.937742761533814,0.10624980460727515,0.24036067724227905,69,[ 9 20  1 18]
70,368106,9.93712819821295,0.10622076910692076,0.24121136963367462,70,[23 13 24  6]
71,227358,9.933133504298539,0.10632230456792531,0.2412278801202774,71,[14 13 19  8]
72,260182,9.965471927872242,0.10557915844340007,0.24537058174610138,72,[16 16  7  7]
73,173903,9.960402016868063,0.10592557496243972,0.24590517580509186,73,[11  3  6  3]
74,249285,9.959334053849979,0.10573349964350814,0.2428261786699295,74,[15 23 21 10]
75,263202,10.036042844180814,0.10432380292392336,0.24706654250621796,75,[16 21  3  2]
76,125015,10.03945580811937,0.10317093372577146,0.24609015882015228,76,[ 8  0  0 15]
77,8126,10.03846378004317,0.10347056386581603,0.2447265386581421,77,[ 0 13  0  1]
78,124372,10.080886691960597,0.1023722419868791,0.2437591403722763,78,[ 7 23 24 22]
79,148636,10.021598981577533,0.10335816069298152,0.23908479511737823,79,[ 9 12 20 11]
80,126055,10.046956758272131,0.10280291964523158,0.24136894941329956,80,[ 8  1 17  5]
81,282461,10.034322578915358,0.10313961119878094,0.24235877394676208,81,[18  1 23 11]
82,239669,10.172316732642496,0.0999864989924924,0.24563713371753693,82,[15  8 11 19]
83,220095,10.180888850342338,0.09957284459551083,0.24493053555488586,83,[14  2  3 20]
84,319061,10.185701803729021,0.09944723200703902,0.2461158037185669,84,[20 10 12 11]
85,344496,10.368137131957436,0.0951185611389989,0.24379470944404602,85,[22  1  4 21]
86,242892,10.382652800485058,0.09505367808729684,0.24660387635231018,86,[15 13 15 17]
87,60858,10.378537898094045,0.0951349152555573,0.245949387550354,87,[ 3 22  9  8]
88,79686,10.354581089333388,0.09545960633795007,0.2424069195985794,88,[ 5  2 12 11]
89,226841,10.352125133411839,0.09532026359838472,0.2448234111070633,89,[14 12 23 16]
90,188291,10.352291805618572,0.0953147793326861,0.24499277770519257,90,[12  1  6 16]
91,275355,10.348039682825064,0.09574419627325369,0.24112394452095032,91,[17 15 14  5]
92,245782,10.370103945129223,0.09536291014263668,0.24335014820098877,92,[15 18  6  7]
93,6728,10.364929530685261,0.09546584093150816,0.2427126169204712,93,[ 0 10 19  3]
94,184484,10.35995317245866,0.09555766680192157,0.24387632310390472,94,[11 20  4  9]
95,69568,10.429639218647244,0.09430055034886682,0.26066774129867554,95,[ 4 11  7 18]
96,1737,10.428797571379116,0.0943182531393868,0.26075711846351624,96,[ 0  2 19 12]
97,209622,10.52012253990371,0.09260381430520356,0.2722683548927307,97,[13 10  9 22]
98,361897,10.502801850263491,0.0927222822106753,0.2673259973526001,98,[23  4  0 22]
99,234226,10.503366745515022,0.09266287196299344,0.2680284082889557,99,[14 24 19  1]
100,245273,10.500169191022357,0.09272515941013698,0.2675217390060425,100,[15 17 10 23]
101,254598,10.672440374201951,0.08939034595558842,0.28742000460624695,101,[16  7  8 23]
102,272417,10.677315665130926,0.08915865956732529,0.28821390867233276,102,[17 10 21 17]
103,336809,10.685521252159758,0.0889774932545568,0.28777042031288147,103,[21 13 22  9]
104,188311,10.739668869343168,0.08775154725020039,0.2929152250289917,104,[12  1  7 11]
105,638,10.743264323631685,0.08772116249555074,0.2916492521762848,105,[ 0  1  0 13]
106,340997,10.742832908877677,0.08773419513913723,0.2916238009929657,105,[21 20 14 22]
107,197621,10.72318111968878,0.08814646630004172,0.291463702917099,106,[12 16  4 21]
108,136450,10.71736869901643,0.08820451785166145,0.2903997004032135,107,[ 8 18  8  0]
109,82416,10.750769048760551,0.08738133848446054,0.2880290746688843,108,[ 5  6 21 16]
110,198241,10.75808478034983,0.08723861173763817,0.28860974311828613,109,[12 17  4 16]
111,51656,10.767922059930427,0.08703584323313261,0.28897354006767273,110,[ 3  7 16  6]
112,2644,10.777532381209307,0.08691426796510314,0.29359135031700134,111,[ 0  4  5 19]
113,339712,10.769140515061757,0.08705057049121678,0.2927394211292267,112,[21 18 13 12]
114,247363,10.77836518654124,0.08689939884135484,0.29111701250076294,113,[15 20 19 13]
115,298547,10.782893845118362,0.08690553754105967,0.2924850285053253,114,[19  2 16 22]
116,51108,10.84802179709368,0.08562565534091107,0.30097848176956177,115,[ 3  6 19  8]
117,262891,10.849947594938396,0.08557999167405086,0.3012501299381256,116,[16 20 15 16]
118,177161,10.862949660376444,0.08519157835241567,0.3049529790878296,117,[11  8 11 11]
119,78706,10.805379332233382,0.0863563927337115,0.2895394563674927,118,[ 5  0 23  6]
120,103748,10.813067387960356,0.0862274447327041,0.2890821397304535,119,[ 6 15 24 23]
121,336701,10.81362141374004,0.08621590507692986,0.2892822325229645,120,[21 13 18  1]
122,135237,10.814252076125806,0.08620417079831776,0.2893211245536804,121,[ 8 16  9 12]
123,77646,10.81640938891887,0.08613790389277921,0.290033757686615,122,[ 4 24  5 21]
124,262588,10.819556253547532,0.08604683951564819,0.2869429290294647,123,[16 20  3 13]
125,38217,10.846093100889682,0.08554999361468335,0.28072789311408997,124,[ 2 11  3 17]
126,51132,10.855781870534775,0.08527844171425678,0.28257110714912415,125,[ 3  6 20  7]
127,43624,10.857601946022395,0.08523843740425022,0.2824530303478241,126,[ 2 19 19 24]
128,102352,10.86503900851346,0.08504236559222954,0.27954861521720886,127,[ 6 13 19  2]
129,332442,10.856209697654862,0.08511916754296854,0.27954161167144775,128,[21  6 22 17]
130,382188,10.855494090561974,0.08512047980620857,0.279094398021698,129,[24 11 12 13]
131,301848,10.916927249340187,0.08442608352483003,0.2780822813510895,130,[19  7 23 23]
132,63638,10.921161099314547,0.08438117846001725,0.278969943523407,131,[ 4  1 20 13]
133,296133,10.904728548532603,0.08508495946364292,0.2782415449619293,132,[18 23 20  8]
134,271596,10.901586941708256,0.0851819565632949,0.2786194980144501,133,[17  9 13 21]
135,90684,10.909567129300147,0.08506126209548842,0.2792029082775116,134,[ 5 20  2  9]
136,70724,10.90998121192567,0.08501254041895487,0.2805383801460266,135,[ 4 13  3 24]
137,10546,10.943049210320153,0.08403020988975764,0.28627878427505493,136,[ 0 16 21 21]
138,33355,10.947154710406915,0.08385816753060708,0.28888335824012756,137,[2 3 9 5]
139,220431,10.945406677774406,0.08385537629063511,0.28866517543792725,138,[14  2 17  6]
140,246255,11.000803128410237,0.08293048679661005,0.2927473187446594,139,[15 19  0  5]
141,321424,10.99200719741869,0.08311023779534575,0.2927955687046051,140,[20 14  6 24]
142,69047,11.027567342835624,0.08237398723870883,0.29361721873283386,141,[ 4 10 11 22]
143,340490,11.027925695431042,0.0823675248316179,0.2931526303291321,142,[21 19 19 15]
144,60904,11.026600042205803,0.08239164215024325,0.2950875461101532,143,[ 3 22 11  4]
145,264277,10.972472098004026,0.08352436830336583,0.289652943611145,144,[16 22 21  2]
146,302329,10.967936724375278,0.0835810486998749,0.29022708535194397,145,[19  8 18  4]
147,140188,11.014738612046859,0.0825773871752303,0.2920047342777252,146,[ 8 24  7 13]
148,5483,11.027412150422451,0.0822424546105527,0.296124130487442,147,[ 0  8 19  8]
149,86303,11.035445584560165,0.0820937418881376,0.2942931056022644,148,[ 5 13  2  3]
150,253372,11.03553868965308,0.08209328597168006,0.29429057240486145,149,[16  5  9 22]
151,134508,11.039175190512102,0.08203927112237616,0.29449015855789185,150,[ 8 15  5  8]
152,140449,11.043667748406751,0.0818537555767226,0.29315778613090515,151,[ 8 24 17 24]
153,219969,11.341707580975042,0.07719988477183519,0.3030664622783661,152,[14  1 23 19]
154,17560,11.346158679379787,0.07715844777177262,0.3032268285751343,153,[ 1  3  2 10]
155,211577,11.401018452810883,0.07633693112098863,0.304138720035553,154,[13 13 13  2]
156,170525,11.573634406434794,0.07566367730815675,0.3288000822067261,155,[10 22 21  0]
157,211357,11.576428314897441,0.07553189971326785,0.3268847167491913,156,[13 13  4  7]
158,360518,11.57638084760797,0.07553360637675496,0.32677268981933594,157,[23  1 20 18]
159,211769,11.80662821224825,0.07187977730863045,0.3406108021736145,158,[13 13 20 19]
160,367817,11.812972894948533,0.0717565667848235,0.34065547585487366,159,[23 13 12 17]
161,39033,11.885950931455147,0.0705291364182477,0.3442562222480774,160,[ 2 12 11  8]
162,206113,11.910538063294883,0.07009472781807397,0.34060272574424744,161,[13  4 19 13]
163,87261,11.910667991894094,0.07011671102139466,0.34089523553848267,162,[ 5 14 15 11]
164,364259,11.907907039416013,0.0702006570442256,0.3406819999217987,163,[23  7 20  9]
165,100220,11.92943756462329,0.06967265544061131,0.3421517312526703,164,[ 6 10  8 20]
166,250822,11.94093402356436,0.06942119499755313,0.3453758656978607,165,[16  1  7 22]
167,340730,11.930517031942266,0.06952223092039057,0.3453705608844757,166,[21 20  4  5]
168,59979,11.932670043378785,0.06948955348423042,0.3453075885772705,167,[ 3 20 24  4]
169,72205,11.925776837522509,0.07006124041618422,0.3497546911239624,168,[ 4 15 13  5]
170,237634,11.94818087613932,0.06962627495511617,0.3508591949939728,169,[15  5  5  9]
171,230226,11.949637290518647,0.06955926848498083,0.35139966011047363,170,[14 18  9  1]
172,209320,11.944774742557701,0.06960934402725179,0.34975913166999817,171,[13  9 22 20]
173,29440,11.945256988513918,0.06960255832918119,0.34984779357910156,172,[ 1 22  2 15]
174,295091,11.99345596466992,0.068510151407059,0.3542434573173523,173,[18 22  3 16]
175,210362,11.99917011067907,0.06842043124196773,0.35652199387550354,174,[13 11 14 12]
176,253470,11.997940715049833,0.06843432856116155,0.35609546303749084,175,[16  5 13 20]
177,138333,11.998457875907915,0.06840272169601594,0.3554762899875641,176,[ 8 21  8  8]
178,209661,11.997802608379601,0.0684916187052195,0.354695200920105,177,[13 10 11 11]
179,112728,12.009921062830529,0.06829942858376485,0.3525891602039337,178,[7 5 9 3]
180,306417,12.01221978005435,0.0681436524595174,0.3539251685142517,179,[19 15  6 17]
181,224294,12.012036156683184,0.06814610794918835,0.353911817073822,180,[14  8 21 19]
182,38337,12.008225576000218,0.0682761685345722,0.3562946021556854,181,[ 2 11  8 12]
183,100267,12.00538911581489,0.0683831669931277,0.3564720153808594,182,[ 6 10 10 17]
184,375903,12.004769758117835,0.06828739266641036,0.35687389969825745,183,[24  1 11  3]
185,206002,12.02766470642108,0.06798529509861712,0.35946670174598694,184,[13  4 15  2]
186,255024,12.02637690171983,0.06802165251660147,0.3607904016971588,185,[16  8  0 24]
187,28995,12.035013547725839,0.06788303366810987,0.3618799149990082,186,[ 1 21  9 20]
188,293006,12.058240723663742,0.06714100411985734,0.3539732098579407,187,[18 18 20  6]
189,353238,12.076944844967866,0.0668158801287231,0.35428401827812195,188,[22 15  4 13]
190,22336,12.082958564490824,0.06674881303845014,0.3551689386367798,189,[ 1 10 18 11]
191,112660,12.0281701405553,0.06767069204006648,0.35067322850227356,190,[ 7  5  6 10]
192,284081,12.028947886987172,0.06766332469013905,0.3512134552001953,191,[18  4 13  6]
193,118722,12.032261206678934,0.06765471071474312,0.3523605465888977,192,[ 7 14 23 22]
194,38268,12.03458463178805,0.06763177600684503,0.3518820106983185,193,[ 2 11  5 18]
195,62246,12.04137164893436,0.06755057996013238,0.35405007004737854,194,[ 3 24 14 21]
196,229980,12.056242800704958,0.06730734692396718,0.35384124517440796,195,[14 17 24  5]
197,340071,12.070502243309338,0.06696516919807473,0.3546743094921112,196,[21 19  2 21]
198,389139,12.121823384415544,0.06606128045878848,0.3604731857776642,197,[24 22 15 14]
199,98646,12.152550022002838,0.06571225951579462,0.360708624124527,198,[ 6  7 20 21]
200,306213,12.14817726232242,0.06577042600579208,0.3596974313259125,199,[19 14 23 13]
201,300191,12.16453490685911,0.06553448882618432,0.36051106452941895,200,[19  5  7 16]
202,45481,12.217456290663675,0.06474109770043142,0.36052581667900085,201,[ 2 22 19  6]
203,173174,12.219685841353076,0.06461650687306787,0.3600926101207733,202,[11  2  1 24]
204,92547,12.215751591604233,0.06464273085831773,0.36166518926620483,203,[ 5 23  1 22]
205,136007,12.240034135157398,0.06430476685896006,0.35588908195495605,204,[ 8 17 15  7]
206,37283,12.246388827888701,0.064222836279736,0.35641252994537354,205,[ 2  9 16  8]
207,328549,12.243849376887237,0.06427955102782389,0.3550075888633728,206,[21  0 16 24]
208,20062,12.260213966037243,0.0640537213443562,0.35475119948387146,207,[ 1  7  2 12]
209,305581,12.300141808992112,0.06344826029359767,0.35444024205207825,208,[19 13 23  6]
210,91165,12.31407170180836,0.06324314517544845,0.3550078570842743,209,[ 5 20 21 15]
211,148269,12.317448713311759,0.06317900822749124,0.3539365828037262,210,[ 9 12  5 19]
212,134176,12.32849492755314,0.0629524680101073,0.3552950918674469,211,[ 8 14 17  1]
213,345449,12.326272207639956,0.06299695900866627,0.35543641448020935,212,[22  2 17 24]
214,212686,12.324891894351426,0.06300370704589495,0.35565799474716187,213,[13 15  7 11]
215,361499,12.322635953727769,0.06307329226060647,0.3568077087402344,214,[23  3  9 24]
216,359538,12.32496468249831,0.06299683795180182,0.3584192991256714,215,[23  0  6 13]
217,359943,12.324694550418041,0.06299950028719896,0.3584393560886383,216,[23  0 22 18]
218,78436,12.39887139936416,0.06198059326817965,0.35911235213279724,217,[ 5  0 12 11]
219,127642,12.516323095555283,0.060257739869475246,0.3659662902355194,218,[ 8  4  5 17]
220,19154,12.516700981434079,0.060233106162947525,0.3676486909389496,219,[ 1  5 16  4]
221,1471,12.536416517455361,0.05998065829050104,0.37052538990974426,220,[ 0  2  8 21]
222,231806,12.537991724901719,0.059960005382773775,0.3706483840942383,221,[14 20 22  6]
223,125316,12.54094231082866,0.05983983569409643,0.36989933252334595,222,[ 8  0 12 16]
224,313022,12.547190932087746,0.059773928978098516,0.36943522095680237,223,[20  0 20 22]
225,318819,12.542281174791952,0.05983632982430868,0.37016841769218445,224,[20 10  2 19]
226,53112,12.589187276194277,0.059143868041268116,0.3749832212924957,225,[ 3  9 24 12]
227,296903,12.591107096974127,0.05912844278004577,0.3741932809352875,226,[19  0  1  3]
228,324398,12.599829208703738,0.0590682682651026,0.3747192323207855,227,[20 19  0 23]
229,18397,12.595286956171423,0.05905988144025341,0.37653201818466187,228,[ 1  4 10 22]
230,231802,12.59456411497579,0.05907220762025429,0.37642166018486023,229,[14 20 22  2]
231,210448,12.589156083828588,0.059127211894820675,0.3760710060596466,230,[13 11 17 23]
232,104195,12.590585149429074,0.059071748658624634,0.37758564949035645,231,[ 6 16 17 20]
233,66310,12.591228239087044,0.05907346565706939,0.38049256801605225,232,[ 4  6  2 10]
234,155344,12.592248076128595,0.05904210191075042,0.3784347176551819,233,[ 9 23 13 19]
235,250175,12.616405191506582,0.058839369292486184,0.38159602880477905,234,[16  0  7  0]
236,51691,12.620752466303784,0.059022491700635143,0.37345561385154724,235,[ 3  7 17 16]
237,261704,12.63971359766942,0.05878660062029303,0.37611111998558044,236,[16 18 18  4]
238,39459,12.64356045393734,0.05873687902613649,0.3755451440811157,237,[ 2 13  3  9]
239,74428,12.654551333016247,0.05856950886609059,0.3751909136772156,238,[ 4 19  2  3]
240,191483,12.664465677187431,0.058394843180569124,0.37619563937187195,239,[12  6  9  8]
241,92278,12.658959108354498,0.05846756885183654,0.37690621614456177,240,[ 5 22 16  3]
242,257811,12.666526476374354,0.058375398595992785,0.3780306279659271,241,[16 12 12 11]
243,141107,13.049401705339532,0.0542464519221352,0.38785770535469055,242,[ 9  0 19  7]
244,72426,13.053100754453324,0.05420935364484774,0.38815605640411377,243,[ 4 15 22  1]
245,28967,13.071556926800234,0.05387703295186525,0.39196234941482544,244,[ 1 21  8 17]
246,288539,13.071393828526748,0.05388652450354741,0.39194750785827637,245,[18 11 16 14]
247,130091,13.098068759375646,0.05343422825034275,0.3918399512767792,246,[ 8  8  3 16]
248,111829,13.10924589453048,0.053283456839942234,0.39254704117774963,247,[ 7  3 23  4]
249,362382,13.117563994408595,0.05320705281796627,0.3939966857433319,248,[23  4 20  7]
250,324445,13.128139933091278,0.053127004622089975,0.3955451548099518,249,[20 19  2 20]
251,266676,13.132760682774764,0.05309537225814886,0.39538341760635376,250,[17  1 17  1]
252,301352,13.126069566377385,0.053231047330399794,0.3968559503555298,251,[19  7  4  2]
253,253037,13.162778823248809,0.052750626441630984,0.3985387682914734,252,[16  4 21 12]
254,87252,13.169260256078587,0.052677353068898425,0.39816826581954956,253,[ 5 14 15  2]
255,164337,13.214318006068353,0.052289135193434234,0.3995782434940338,254,[10 12 23 12]
256,210558,13.344089781560328,0.050852186919427035,0.4083216190338135,255,[13 11 22  8]
257,5056,13.341464927331273,0.05087344591631568,0.40908557176589966,256,[0 8 2 6]
258,151641,13.340035691329199,0.05088670947674973,0.4088524580001831,257,[ 9 17 15 16]
259,31220,13.337786688450905,0.050904048722595324,0.41012078523635864,258,[ 1 24 23 20]
260,99911,13.338237698126374,0.05088736074412302,0.41008877754211426,259,[ 6  9 21 11]
261,41028,13.352224025879458,0.050747265753241504,0.4132532477378845,260,[ 2 15 16  3]
262,363284,13.434698031505999,0.04983355300839121,0.4164997935295105,261,[23  6  6  9]
263,98088,13.466839129260684,0.04932166553084785,0.4204099774360657,262,[ 6  6 23 13]
264,28115,13.43115082713647,0.04959336204182728,0.42111897468566895,263,[ 1 19 24 15]
265,60038,13.430104041390507,0.04960589705590064,0.4210832715034485,264,[ 3 21  1 13]
266,128064,13.441778168794695,0.049499271312182826,0.42114827036857605,265,[ 8  4 22 14]
267,218,13.443559818393975,0.049477104084710295,0.42165297269821167,266,[ 0  0  8 18]
268,6620,13.474141560171597,0.049154081485090866,0.4220883548259735,267,[ 0 10 14 20]
269,347909,13.47635324260965,0.0491335945979964,0.4219130575656891,268,[22  6 16  9]
270,202918,13.480269923958907,0.04910766565106554,0.4216165542602539,269,[12 24 16 18]
271,235429,13.596997118790386,0.047790627818836855,0.42401447892189026,270,[15  1 17  4]
272,58636,13.64926847439275,0.04712955964355251,0.43105316162109375,271,[ 3 18 20 11]
273,190898,13.680149843528229,0.04668374617860281,0.43447476625442505,272,[12  5 10 23]
274,145907,13.68011694915802,0.046775415766622974,0.4359733462333679,273,[ 9  8 11  7]
275,4016,13.677725068872615,0.046740780273128106,0.43835365772247314,274,[ 0  6 10 16]
276,121332,13.681424603181412,0.04674995548835336,0.44007229804992676,275,[ 7 19  3  7]
277,219066,13.680704028711869,0.046754793991360954,0.43996620178222656,276,[14  0 12 16]
278,243853,13.679371010866529,0.04677399226455102,0.43982210755348206,277,[15 15  4  3]
279,176958,13.692845432806598,0.04658972802542128,0.4397062659263611,278,[11  8  3  8]
280,104024,13.692789297086467,0.04659168281442405,0.4397197365760803,279,[ 6 16 10 24]
281,376125,13.711701568033378,0.046307674164742706,0.4422655403614044,280,[24  1 20  0]
282,195448,13.723602937594732,0.04613211312296703,0.4441160261631012,281,[12 12 17 23]
283,78095,13.718186140651031,0.046187785738147656,0.4442821443080902,282,[ 4 24 23 20]
284,2056,13.716045711003304,0.0462022729050396,0.44466444849967957,283,[0 3 7 6]
285,159965,13.718939816404339,0.0462277318194479,0.4442751407623291,284,[10  5 23 15]
286,16187,13.713374230640646,0.04629105025223355,0.44481387734413147,285,[ 1  0 22 12]
287,341463,13.77272760190234,0.0456866571739122,0.4449896216392517,286,[21 21  8 13]
288,40926,13.775954608703403,0.045549155885311186,0.44747403264045715,287,[ 2 15 12  1]
289,368245,13.796308970673977,0.04530600472199179,0.44571903347969055,288,[23 14  4 20]
290,214170,13.797172007892193,0.04527925568157693,0.44550177454948425,289,[13 17 16 20]
291,52492,13.796980276189874,0.04528202920181293,0.44556769728660583,290,[ 3  8 24 17]
292,337041,13.825489583999882,0.0450258167464981,0.4475330412387848,291,[21 14  6 16]
293,345068,13.84125163354842,0.04478950392863162,0.4453507363796234,292,[22  2  2 18]
294,74072,13.858126231823354,0.044618304917913236,0.44343334436416626,293,[ 4 18 12 22]
295,240923,13.874075105660928,0.04447482185884367,0.4431227445602417,294,[15 10 11 23]
296,373662,13.935355613664761,0.04397186716161859,0.4458560645580292,295,[23 22 21 12]
297,338264,13.9400945156547,0.04394154768436439,0.4454660415649414,296,[21 16  5 14]
298,316600,13.959662678069702,0.04363363682385607,0.444566547870636,297,[20  6 14  0]
299,251563,13.96052811151942,0.043619928351147245,0.4446340501308441,298,[16  2 12 13]
300,209050,13.972173010239546,0.04342908490395169,0.4467884302139282,299,[13  9 12  0]
301,168462,13.994979528379389,0.04351696420036551,0.4536823630332947,300,[10 19 13 12]
302,96016,14.002235201932542,0.043463331580910015,0.4536563456058502,301,[ 6  3 15 16]
303,147679,14.003628184914625,0.04344672298102678,0.45365405082702637,302,[ 9 11  7  4]
304,113160,14.002470429926102,0.04345132110308405,0.4534890651702881,303,[ 7  6  1 10]
305,75109,14.010802490498541,0.04338191862381045,0.45377734303474426,304,[ 4 20  4  9]
306,287501,14.020577833704365,0.04322125798371357,0.45405685901641846,305,[18 10  0  1]
307,243480,14.053924474506488,0.042904365000781,0.45470306277275085,306,[15 14 14  5]
308,18091,14.056172908425788,0.04289499980137871,0.45474758744239807,307,[ 1  3 23 16]
309,351871,14.119898912697902,0.042367071830208256,0.46617957949638367,308,[22 12 24 21]
310,326323,14.16840886727725,0.04187712014212802,0.4687160849571228,309,[20 22  2 23]
311,163364,14.211919282455154,0.04166328774293182,0.46589601039886475,310,[10 11  9 14]
312,328394,14.214141451892054,0.0416795580576363,0.46639910340309143,311,[21  0 10 19]
313,118419,14.214215724328588,0.04168772168105097,0.4664284884929657,312,[ 7 14 11 19]
314,137351,14.21426288115513,0.041687290377341195,0.46643325686454773,313,[ 8 19 19  1]
315,93312,14.21359211023066,0.041676859041184455,0.46696674823760986,314,[ 5 24  7 12]
316,372560,14.214671529366447,0.04164681974762207,0.4678564965724945,315,[23 21  2 10]
317,66230,14.224292937539232,0.04152963033226526,0.46933987736701965,316,[ 4  5 24  5]
318,178595,14.240748306150273,0.041384940561092105,0.4726342260837555,317,[11 10 18 20]
319,28313,14.239943065900833,0.04138344894509657,0.47354042530059814,318,[ 1 20  7 13]
320,22425,14.240736379454633,0.0413771192886401,0.4735105633735657,319,[ 1 10 22  0]
321,175182,14.238183917202246,0.041392523043460645,0.4751110374927521,320,[11  5  7  7]
322,41496,14.237738839045281,0.041396401006603266,0.47507113218307495,321,[ 2 16  9 21]
323,104262,14.258882249899347,0.0412357224020042,0.47480008006095886,322,[ 6 16 20 12]
324,111142,14.264474451901313,0.04102726702540385,0.4779479503631592,323,[ 7  2 20 17]
325,24846,14.267848383680057,0.0409883384228438,0.4768473505973816,324,[ 1 14 18 21]
326,9731,14.275624546698841,0.04095083599933417,0.4769323468208313,325,[ 0 15 14  6]
327,18746,14.272104830937103,0.04095951393672092,0.4762592315673828,326,[ 1  4 24 21]
328,19425,14.271556894831697,0.040963137204602575,0.47624942660331726,327,[1 6 2 0]
329,101631,14.309153997316976,0.04078029283182833,0.4762860834598541,328,[ 6 12 15  6]
330,329671,14.317282642847434,0.04073633600538559,0.4760097563266754,329,[21  2 11 21]
331,297832,14.316802576968453,0.040744587761187674,0.4760648012161255,330,[19  1 13  7]
332,143266,14.32166288137365,0.04071864014410807,0.4752359092235565,331,[ 9  4  5 16]
333,358957,14.3618427884415,0.04029661002458128,0.4848427474498749,332,[22 24  8  7]
334,319630,14.396877004372717,0.03997656537960793,0.4855368137359619,333,[20 11 10  5]
335,73869,14.384549158638613,0.04006919100535463,0.4847748875617981,334,[ 4 18  4 19]
336,242990,14.385798321943014,0.040054988410453816,0.4849923849105835,335,[15 13 19 15]
337,280329,14.386201285217943,0.04005598121394921,0.4840669631958008,336,[17 23 13  4]
338,373580,14.41613381464062,0.03988180193489061,0.48267894983291626,337,[23 22 18  5]
339,289849,14.415805673273827,0.03986314390174057,0.48603570461273193,338,[18 13 18 24]
340,352558,14.419037107372388,0.03984184006052653,0.4870075285434723,339,[22 14  2  8]
341,379921,14.408971431227723,0.0398844283834901,0.48330268263816833,340,[24  7 21 21]
342,170574,14.413015212854889,0.039773142568062816,0.4828321933746338,341,[10 22 22 24]
343,61343,14.442011653296847,0.03953248691313057,0.4831107258796692,342,[ 3 23  3 18]
344,203886,14.442301975436244,0.03948432729102085,0.4819295108318329,343,[13  1  5 11]
345,346467,14.442645972997388,0.039491852674611055,0.48183882236480713,344,[22  4  8 17]
346,79058,14.431791550452644,0.0395736548564516,0.4844954013824463,345,[ 5  1 12  8]
347,65430,14.436296773546724,0.03953283920744161,0.4845055341720581,346,[ 4  4 17  5]
348,165962,14.43903486647148,0.039511875050861275,0.48433926701545715,347,[10 15 13 12]
349,257997,14.444826033125866,0.03946833526040766,0.4838375747203827,348,[16 12 19 22]
350,241123,14.455639830279068,0.039369217783364004,0.4842337369918823,349,[15 10 19 23]
351,311907,14.456471641669602,0.03936499124005733,0.483760267496109,350,[19 24  1  7]
352,292494,14.466086197779827,0.03929999495071116,0.48392921686172485,351,[18 17 24 19]
353,373044,14.463695752475566,0.03931206110663798,0.48491165041923523,352,[23 21 21 19]
354,248806,14.498096638407379,0.03913002576361832,0.48216113448143005,353,[15 23  2  6]
355,31770,14.513773255415643,0.03903551258510393,0.4830422103404999,354,[ 2  0 20 20]
356,326828,14.517169021507975,0.0390058667246141,0.4821033477783203,355,[20 22 23  3]
357,202544,14.53851153962718,0.03886023411581752,0.48162490129470825,356,[12 24  1 19]
358,285992,14.5384452614438,0.03886111080327681,0.4816659688949585,357,[18  7 14 17]
359,36768,14.541564008069262,0.038840959434324404,0.48288804292678833,358,[ 2  8 20 18]
360,23183,14.549314071663652,0.03876380769653612,0.4839033782482147,359,[ 1 12  2  8]
361,75071,14.54795418017332,0.03878204104245815,0.4845103919506073,360,[ 4 20  2 21]
362,225764,14.548152349852547,0.03876828777317061,0.4860939383506775,361,[14 11  5 14]
363,286199,14.541318534140913,0.038772080554610226,0.48678073287010193,362,[18  7 22 24]
364,266552,14.541827823426956,0.038767563788148905,0.4870654344558716,363,[17  1 12  2]
365,258242,14.571562681722572,0.03796037214176358,0.48789313435554504,364,[16 13  4 17]
366,300533,14.57178226463676,0.03795156514392202,0.4885197579860687,365,[19  5 21  8]
367,255490,14.571243996131571,0.037953357188425886,0.48838505148887634,366,[16  8 19 15]
368,74344,14.577365755578471,0.037885405399213326,0.4900667667388916,367,[ 4 18 23 19]
369,217765,14.579543627523632,0.0378830454906335,0.49008023738861084,368,[13 23 10 15]
370,360430,14.595577768225127,0.037790213036996145,0.4909202456474304,369,[23  1 17  5]
371,163699,14.592244093468539,0.037819098385511625,0.4899389147758484,370,[10 11 22 24]
372,194656,14.592604340284227,0.0378176675748195,0.4895724356174469,371,[12 11 11  6]
373,22657,14.604433262227232,0.03767181742545372,0.4883662462234497,372,[ 1 11  6  7]
374,244111,14.597188018744014,0.03775253158907799,0.4860416054725647,373,[15 15 14 11]
375,335253,14.610316105253926,0.03761766065134189,0.48940345644950867,374,[21 11 10  3]
376,32963,14.610394995810145,0.03762052343441037,0.4891602396965027,375,[ 2  2 18 13]
377,366291,14.617133467698391,0.03754914856481864,0.48978155851364136,376,[23 11  1 16]
378,146277,14.630127163233585,0.03745992827043774,0.48741114139556885,377,[9 9 1 2]
379,102633,14.63918649836389,0.03744971293458094,0.48828792572021484,378,[ 6 14  5  8]
380,228405,14.63890600187144,0.03745170136411089,0.4883602261543274,379,[14 15 11  5]
381,149787,14.651622235732663,0.037306324532651806,0.493423193693161,380,[ 9 14 16 12]
382,386488,14.652873845756309,0.037299114560389444,0.4941507577896118,381,[24 18  9 13]
383,315801,14.65933459708448,0.03723765938948236,0.4953138828277588,382,[20  5  7  1]
384,75867,14.710793220036397,0.036847798331503145,0.49538910388946533,383,[ 4 21  9 17]
385,128620,14.714424005339591,0.03680578992950413,0.493070513010025,384,[ 8  5 19 20]
386,270288,14.71332369479337,0.03682488156698801,0.493010938167572,385,[17  7 11 13]
387,812,14.727846426168892,0.03667239645119589,0.493297278881073,386,[ 0  1  7 12]
388,216704,14.734337055568862,0.036635645641176634,0.4938027560710907,387,[13 21 18  4]
389,345697,14.734794367594223,0.036633069316533054,0.49390020966529846,388,[22  3  2 22]
390,38995,14.733141872681625,0.03663880143426545,0.4937015771865845,389,[ 2 12  9 20]
391,224344,14.734615451214008,0.0366206254294165,0.4937800168991089,390,[14  8 23 19]
392,8043,14.75255192669927,0.03647337195091216,0.49372681975364685,391,[ 0 12 21 18]
393,232164,14.855842384959947,0.03561833772081309,0.49123436212539673,392,[14 21 11 14]
394,168202,14.892125678407302,0.035352382341547126,0.49490633606910706,393,[10 19  3  2]
395,80269,14.901193042539163,0.03529331827939277,0.4890270233154297,394,[ 5  3 10 19]
396,136084,14.901120392385225,0.03526753883424872,0.49088889360427856,395,[ 8 17 18  9]
397,58844,14.913390818119392,0.035164700906496364,0.49210429191589355,396,[ 3 19  3 19]
398,280794,14.908149329909097,0.035197338789517654,0.4920318126678467,397,[17 24  6 19]
399,37025,14.907493483142844,0.03521807085483733,0.49251872301101685,398,[2 9 6 0]
400,95156,14.90821185096928,0.03521167569255255,0.4926895201206207,399,[6 2 6 6]
401,226049,14.899293935248048,0.035254117801583745,0.49284565448760986,400,[14 11 16 24]
402,382604,14.91582427633082,0.03513021178692902,0.495263010263443,401,[24 12  4  4]
403,252517,14.918849073006983,0.03501409378046301,0.49725341796875,402,[16  4  0 17]
404,233366,14.934758352868034,0.034874652134911005,0.4993617534637451,403,[14 23  9 16]
405,313668,14.95274165292676,0.0347752013862053,0.50127774477005,404,[20  1 21 18]
406,80657,14.953620500523337,0.03476562388671755,0.5013078451156616,405,[5 4 1 7]
407,195130,14.970900033921968,0.03463774979666468,0.5016828775405884,406,[12 12  5  5]
408,240209,14.972534615844443,0.03461676741590196,0.5012924075126648,407,[15  9  8  9]
409,372012,14.991077420330983,0.03447273349214632,0.5011211633682251,408,[23 20  5 12]
410,284354,14.987532642390589,0.03446180601350771,0.5007431507110596,409,[18  4 24  4]
411,838,15.000173359409937,0.03436960098573544,0.5006309747695923,410,[ 0  1  8 13]
412,204505,15.015971267945009,0.034240860061039345,0.5026187896728516,411,[13  2  5  5]
413,222166,15.050298467173523,0.033868822789347906,0.5037345886230469,412,[14  5 11 16]
414,147983,15.121409700424532,0.03312816097918643,0.5129639506340027,413,[ 9 11 19  8]
415,153333,15.12336306679842,0.033112473649764794,0.5134203433990479,414,[ 9 20  8  8]
416,11010,15.123535091214656,0.03311084606586474,0.5134294033050537,415,[ 0 17 15 10]
417,356164,15.19991533855642,0.0324906321396941,0.5138806700706482,416,[22 19 21 14]
418,27225,15.218258513693215,0.03233910584726527,0.5160513520240784,417,[ 1 18 14  0]
419,138335,15.217638961198908,0.03234239539583236,0.5159708261489868,418,[ 8 21  8 10]
420,115376,15.223340004091561,0.03228655095952052,0.5157774686813354,419,[ 7  9 15  1]
421,325433,15.231174111764815,0.03223078245162801,0.514701783657074,420,[20 20 17  8]
422,11252,15.244370828149005,0.032129799237646695,0.5146162509918213,421,[ 0 18  0  2]
423,334543,15.251134759799253,0.03209579249305698,0.5129673480987549,422,[21 10  6 18]
424,8302,15.249266225806625,0.032099394913265064,0.5131445527076721,423,[ 0 13  7  2]
425,177759,15.261828468079337,0.03203336909891585,0.5129827857017517,424,[11  9 10  9]
426,127946,15.27975859229466,0.031874743663633215,0.5135036706924438,425,[ 8  4 17 21]
427,225900,15.274389840387606,0.03187219524851148,0.5136922597885132,426,[14 11 11  0]
428,152835,15.275211157122628,0.03186642780949903,0.5136793255805969,427,[ 9 19 13 10]
429,184991,15.275978576430962,0.03186045113257203,0.5133453607559204,428,[11 20 24 16]
430,83656,15.281183278895089,0.0318259742558115,0.5133666396141052,429,[ 5  8 21  6]
431,355590,15.281123585780357,0.03182807043793134,0.5132181644439697,430,[22 18 23 15]
432,121674,15.291769350077914,0.031777804054365574,0.5106528401374817,431,[ 7 19 16 24]
433,349816,15.303090291438037,0.03169293160687021,0.5120975375175476,432,[22  9 17 16]
434,345585,15.30377864603398,0.03168721698091849,0.5121027231216431,433,[22  2 23 10]
435,63432,15.366571990391456,0.03127492044575993,0.5142171382904053,434,[ 4  1 12  7]
436,94355,15.361839842992808,0.03130083536423888,0.5136521458625793,435,[ 6  0 24  5]
437,280434,15.362059952802237,0.031298294786148304,0.5136047005653381,436,[17 23 17  9]
438,237260,15.36160732605643,0.03130315803502092,0.5135926604270935,437,[15  4 15 10]
439,108725,15.36148787305513,0.03128769883713635,0.5137644410133362,438,[ 6 23 24  0]
440,313470,15.36415857465903,0.03127293332890945,0.5137574672698975,439,[20  1 13 20]
441,40278,15.392656171900576,0.031095909221441616,0.5122472047805786,440,[ 2 14 11  3]
442,107738,15.414159678744701,0.03104946098965392,0.5104189515113831,441,[ 6 22  9 13]
443,158640,15.44210204917597,0.03086577774073853,0.5147641897201538,442,[10  3 20 15]
444,181728,15.447170570003744,0.030842772558901062,0.5154841542243958,443,[11 15 19  3]
445,243821,15.449830445705516,0.030830070262310234,0.5152757167816162,444,[15 15  2 21]
446,11306,15.452955294478269,0.03081688156901963,0.5147821307182312,445,[ 0 18  2  6]
447,183691,15.446733295033662,0.030804747511213464,0.5139831900596619,446,[11 18 22 16]
448,44605,15.460534551540416,0.030725305179578652,0.5143158435821533,447,[ 2 21  9  5]
449,197437,15.467917687866004,0.03061029014153405,0.5147585868835449,448,[12 15 22 12]
450,169769,15.470173789822097,0.03059367767684023,0.5147879123687744,449,[10 21 15 19]
451,265881,15.469637165751898,0.030594767592428723,0.5147456526756287,450,[17  0 10  6]
452,311898,15.496894843672491,0.030450524104365183,0.5204268097877502,451,[19 24  0 23]
453,239101,15.493125325113237,0.030452447517878452,0.5207656621932983,452,[15  7 14  1]
454,248389,15.495078821583416,0.030448777305117625,0.5208297371864319,453,[15 22 10 14]
455,64878,15.503729903870273,0.030384093116034683,0.5213437080383301,454,[ 4  3 20  3]
456,202635,15.547930910686587,0.030096437424724218,0.5223490595817566,455,[12 24  5 10]
457,386188,15.57692636612831,0.029950948468399612,0.5234588384628296,456,[24 17 22 13]
458,73998,15.644473852537374,0.029568764107804874,0.5208196043968201,457,[ 4 18  9 23]
459,177033,15.651736054525156,0.029518638671007704,0.5192732214927673,458,[11  8  6  8]
460,72695,15.651232944124544,0.0295270790686119,0.5189217925071716,459,[ 4 16  7 20]
461,192107,15.650786393734816,0.029527043398699816,0.5187845826148987,460,[12  7  9  7]
462,382034,15.658423110641873,0.029475891383850136,0.5187051296234131,461,[24 11  6  9]
463,100627,15.660044025371963,0.029472966121578237,0.5201606154441833,462,[ 6 11  0  2]
464,300837,15.662105718780792,0.0294613301798586,0.5202015042304993,463,[19  6  8 12]
465,233102,15.676872736239947,0.029356659939935935,0.5205935835838318,464,[14 22 24  2]
466,40254,15.730793185416234,0.02898189337597636,0.5167986154556274,465,[ 2 14 10  4]
467,61740,15.743389105930955,0.02877839036435572,0.5194461345672607,466,[ 3 23 19 15]
468,316026,15.749366164942536,0.028759532919383195,0.5189006924629211,467,[20  5 16  1]
469,186167,15.748948883452481,0.028764846400383067,0.5189354419708252,468,[11 22 21 17]
470,74795,15.752825223780956,0.02875068037389483,0.5193413496017456,469,[ 4 19 16 20]
471,276853,15.755394643367637,0.028725961298278525,0.5195739269256592,470,[17 17 24  3]
472,380117,15.753073397380783,0.028734243635894927,0.5194616913795471,471,[24  8  4 17]
473,184691,15.783716186987167,0.02852362681334189,0.5192862749099731,472,[11 20 12 16]
474,64961,15.810877226260732,0.028325844007584873,0.5196964740753174,473,[ 4  3 23 11]
475,243066,15.895665625246329,0.027794933035693702,0.5246152877807617,474,[15 13 22 16]
476,196453,15.944022056876827,0.02749274759332329,0.5260085463523865,475,[12 14  8  3]
477,73132,15.956269503419513,0.02741255523733405,0.5268912315368652,476,[ 4 17  0  7]
478,205508,16.041485258174898,0.027017236715350203,0.525068998336792,477,[13  3 20  8]
479,228129,16.065816717021594,0.02686728497049505,0.5263631939888,478,[14 15  0  4]
480,61672,16.064991430781596,0.026888535953790926,0.5286446213722229,479,[ 3 23 16 22]
481,154366,16.071798201404178,0.02682962886867223,0.5285599827766418,480,[ 9 21 24 16]
482,186126,16.071886656334165,0.02682902900982299,0.5285604596138,481,[11 22 20  1]
483,214712,16.069363714381065,0.02683670569555245,0.5288349986076355,482,[13 18 13 12]
484,110340,16.067475886211668,0.02684655707188331,0.5301854610443115,483,[ 7  1 13 15]
485,23043,16.076028311827628,0.026785983124931283,0.5302691459655762,484,[ 1 11 21 18]
486,304058,16.25573487923115,0.025725594280726682,0.5376415252685547,485,[19 11 12  8]
487,195273,16.256227963037556,0.02572013806892428,0.5377405285835266,486,[12 12 10 23]
488,316879,16.277729160825324,0.025597713862326964,0.5387840867042542,487,[20  7  0  4]
489,279013,16.277953784836093,0.025584983396172295,0.538943886756897,488,[17 21 10 13]
490,93530,16.283307140361025,0.025558832822617478,0.5393497943878174,489,[ 5 24 16  5]
491,225385,16.288155824019736,0.025534620433844857,0.5411922931671143,490,[14 10 15 10]
492,98636,16.29393242478636,0.025505730185821123,0.5416085720062256,491,[ 6  7 20 11]
493,184435,16.305755386072903,0.025442368817476357,0.5421645641326904,492,[11 20  2 10]
494,54113,16.307559054151195,0.025442561119738003,0.5422905087471008,493,[ 3 11 14 13]
495,112091,16.32057463392265,0.025353713338227182,0.5436692237854004,494,[ 7  4  8 16]
496,55034,16.321575292145013,0.025345451564156386,0.5434789657592773,495,[ 3 13  1  9]
497,91616,16.329583802580547,0.02530060993545449,0.5425875186920166,496,[ 5 21 14 16]
498,83894,16.329940918311873,0.025298908819086707,0.5423970818519592,497,[ 5  9  5 19]
499,387418,16.379222348709618,0.02503050697587762,0.5440072417259216,498,[24 19 21 18]
500,32611,16.392169606202994,0.02494334351949773,0.5439040660858154,499,[ 2  2  4 11]
501,302910,16.39204030233985,0.024943713233313087,0.5439178943634033,500,[19  9 16 10]
502,252358,16.394368423003304,0.024932579664958304,0.5441423654556274,501,[16  3 19  8]
503,292741,16.397846612361526,0.0248981217641591,0.544903039932251,502,[18 18  9 16]
504,152371,16.43649460114341,0.024662034396772104,0.5457636117935181,503,[ 9 18 19 21]
505,103263,16.432170248887125,0.024683615919010356,0.545901358127594,504,[ 6 15  5 13]
506,335783,16.436360828482936,0.024665219132579897,0.5446207523345947,505,[21 12  6  8]
507,67834,16.44489271678903,0.024616300840337245,0.5449321866035461,506,[ 4  8 13  9]
508,84118,16.445532310079383,0.024612457823523892,0.5452075004577637,507,[ 5  9 14 18]
509,66874,16.44746980313036,0.024608476018783198,0.5447155237197876,508,[ 4  6 24 24]
510,156292,16.44115969710206,0.02463793644431469,0.5452495813369751,509,[10  0  1 17]
511,171240,16.444085478983727,0.024619736370788382,0.545242190361023,510,[10 23 24 15]
512,9912,16.445182922301527,0.024615381731291474,0.5451256632804871,511,[ 0 15 21 12]
513,174849,16.52802343104838,0.024218932129063127,0.5484272837638855,512,[11  4 18 24]
514,110904,16.56328643407128,0.024014832496473897,0.5507619380950928,513,[ 7  2 11  4]
515,299170,16.587229727934197,0.023793131144502194,0.5517013072967529,514,[19  3 16 20]
516,37114,16.59433188526736,0.023748420847406897,0.5516348481178284,515,[ 2  9  9 14]
517,47988,16.59386940380877,0.023750740028871155,0.5516790747642517,516,[ 3  1 19 13]
518,8695,16.605246724186024,0.023656909506260673,0.5497187972068787,517,[ 0 13 22 20]
519,179884,16.621112273298216,0.023556207618953297,0.5484392046928406,518,[11 12 20  9]
520,10409,16.642524754062404,0.023424016508096203,0.5462309122085571,519,[ 0 16 16  9]
521,323192,16.666182320347048,0.023318280594123875,0.5476744174957275,520,[20 17  2 17]
522,384980,16.663055367197803,0.023332907707742528,0.5473074316978455,521,[24 15 24  5]
523,205264,17.10932694050377,0.02122223002438604,0.5621898174285889,522,[13  3 10 14]
524,60684,17.10719869041285,0.02123460354830583,0.5621951222419739,523,[ 3 22  2  9]
525,291810,17.107611825420936,0.021224854956319726,0.5617288947105408,524,[18 16 22 10]
526,129102,17.13763911882416,0.021051792654009346,0.5613923668861389,525,[ 8  6 14  2]
527,331893,17.163474010610344,0.020940580914993963,0.5621615052223206,526,[21  6  0 18]
528,373034,17.173749684725216,0.02090130686607499,0.5615256428718567,527,[23 21 21  9]
529,344287,17.263332297734202,0.020585843010973298,0.5617358684539795,528,[22  0 21 12]
530,215388,17.267263856628915,0.020571009266545814,0.5619890689849854,529,[13 19 15 13]
531,313482,17.271081364211696,0.02054361309069193,0.5625565052032471,530,[20  1 14  7]
532,91743,17.27766351828045,0.02051925272774043,0.561954140663147,531,[ 5 21 19 18]
533,66741,17.277425286711924,0.020520273422755822,0.5619579553604126,532,[ 4  6 19 16]
534,87653,17.28060848108909,0.020509463763262816,0.5624858736991882,533,[ 5 15  6  3]
535,155140,17.295872117174326,0.020424756395850157,0.5626136660575867,534,[ 9 23  5 15]
536,234459,17.317886147621916,0.020319377801450808,0.5621855854988098,535,[15  0  3  9]
537,33898,17.316244413582137,0.02032680765993441,0.5620563626289368,536,[ 2  4  5 23]
538,60580,17.380790324917584,0.020000284482839713,0.5649932622909546,537,[ 3 21 23  5]
539,239458,17.376081547587216,0.02002012330207549,0.5650767087936401,538,[15  8  3  8]
540,54248,17.38238945591611,0.019985131745205057,0.5660421252250671,539,[ 3 11 19 23]
541,22204,17.379886974289054,0.01999158604160844,0.5654042959213257,540,[ 1 10 13  4]
542,258343,17.390421381052278,0.01996529981797899,0.5661063194274902,541,[16 13  8 18]
543,154141,17.391917722261866,0.019961595215981065,0.5660445690155029,542,[ 9 21 15 16]
544,376853,17.392015837439295,0.01996123692182182,0.5670084953308105,543,[24  2 24  3]
545,242299,17.40482331853985,0.019909878560848405,0.5671265721321106,544,[15 12 16 24]
546,336119,17.408098993034066,0.019892345161625236,0.5670042634010315,545,[21 12 19 19]
547,5752,17.426560279845578,0.019805433153935747,0.5674321055412292,546,[0 9 5 2]
548,158959,17.42908177612358,0.019794224233067804,0.5674432516098022,547,[10  4  8  9]
549,190896,17.44234408772313,0.019739805864954878,0.5677712559700012,548,[12  5 10 21]
550,173639,17.447103460556125,0.01970695003931099,0.5681679248809814,549,[11  2 20 14]
551,296445,17.452110799433772,0.019682855912596536,0.5680969953536987,550,[18 24  7 20]
552,377837,17.460573105351287,0.019641052249968705,0.5679952502250671,551,[24  4 13 12]
553,59970,17.46091423291028,0.019640959769469616,0.5677857995033264,552,[ 3 20 23 20]
554,241352,17.457838235524722,0.019641218621912822,0.5669962763786316,553,[15 11  4  2]
555,233952,17.45781550254744,0.019641374570585048,0.5669833421707153,554,[14 24  8  2]
556,238849,17.56964872870679,0.019234546074886748,0.5730963349342346,555,[15  7  3 24]
557,376312,17.567560708488262,0.01924328831453754,0.5740805864334106,556,[24  2  2 12]
558,77484,17.582980836488325,0.019157548036804223,0.5754821300506592,557,[ 4 23 24  9]
559,245990,17.58575361889093,0.01914831579134896,0.5754244327545166,558,[15 18 14 15]
560,289787,17.59345136730746,0.019119312513404565,0.5757425427436829,559,[18 13 16 12]
561,362546,17.62527749683398,0.018976315440320364,0.5787396430969238,560,[23  5  1 21]
562,275441,17.645545630193936,0.018884688652802833,0.5803800821304321,561,[17 15 17 16]
563,141050,17.6426730692736,0.01889388906041579,0.5802607536315918,562,[ 9  0 17  0]
564,72257,17.655676818364835,0.018820179328253972,0.5812879800796509,563,[ 4 15 15  7]
565,364302,17.71397305650978,0.01856755472107634,0.5846394300460815,564,[23  7 22  2]
566,155879,17.717319016778546,0.01854860148753319,0.5859183073043823,565,[ 9 24 10  4]
567,91063,17.72147253101552,0.01854657358023933,0.5865570306777954,566,[ 5 20 17 13]
568,308336,17.719356535110336,0.01855671685703844,0.5867576599121094,567,[19 18  8 11]
569,275445,17.719521635209162,0.018546412928806568,0.5884029269218445,568,[17 15 17 20]
570,156860,17.7238253837159,0.018532456246835072,0.5884582996368408,569,[10  0 24 10]
571,131043,17.733005395278692,0.018486718412858098,0.5877554416656494,570,[ 8  9 16 18]
572,280230,17.739633242452406,0.01845197821367649,0.5870672464370728,571,[17 23  9  5]
573,96334,17.739938914823185,0.018450487999922622,0.5870733261108398,572,[6 4 3 9]
574,196308,17.741737302643237,0.018442776452928734,0.5891340970993042,573,[12 14  2  8]
575,203743,17.75555294308951,0.018368097270892406,0.5903992652893066,574,[13  0 24 18]
576,71919,18.008082904564912,0.01748306854329594,0.601910412311554,575,[ 4 15  1 19]
577,131195,18.01974411785431,0.01742760805582917,0.602278470993042,576,[ 8  9 22 20]
578,9779,18.029910340125355,0.017405880221767894,0.6023584008216858,577,[ 0 15 16  4]
579,222107,18.0335099219956,0.017397835267170852,0.601884663105011,578,[14  5  9  7]
580,257311,18.041815517979664,0.017375004986283603,0.6023834943771362,579,[16 11 17 11]
581,83807,18.041345646713108,0.017378103881909454,0.6024808287620544,580,[5 9 2 7]
582,124582,18.068893479684927,0.017269404550006744,0.602107584476471,581,[ 7 24  8  7]
583,188945,18.066558914627507,0.017275735215606075,0.6023867130279541,582,[12  2  7 20]
584,273278,18.0805705826325,0.01721184398205137,0.6039628386497498,583,[17 12  6  3]
585,214899,18.07815488814274,0.01722154405934465,0.6039741635322571,584,[13 18 20 24]
586,198614,18.07761328926343,0.01722254444450556,0.6039555668830872,585,[12 17 19 14]
587,234320,18.078224643441754,0.017217048113945293,0.6041356325149536,586,[14 24 22 20]
588,102934,18.094834957360433,0.01718766897113892,0.6063272356987,587,[ 6 14 17  9]
589,175596,18.101346362291444,0.017159967997666833,0.6069207191467285,588,[11  5 23 21]
590,23043,18.1172143579102,0.01711417899377916,0.6075407862663269,589,[ 1 11 21 18]
591,235952,18.118218806361387,0.017110038864444347,0.6075979471206665,589,[15  2 13  2]
592,358714,18.15113599403041,0.0169532799175172,0.6077244281768799,590,[22 23 23 14]
593,310146,18.320099409027282,0.01650178683584171,0.607572615146637,591,[19 21  5 21]
594,68189,18.361840810105864,0.016351128970337823,0.6103072762489319,592,[ 4  9  2 14]
595,180686,18.36401408913338,0.016344367352662495,0.6101891994476318,593,[11 14  2 11]
596,335514,18.46195450757268,0.016003902077341616,0.61336350440979,594,[21 11 20 14]
597,61559,18.48184680308078,0.01589572165676799,0.616043210029602,595,[ 3 23 12  9]
598,219533,18.514016409799325,0.0157864940325801,0.6210196614265442,596,[14  1  6  8]
599,280215,18.522913566151274,0.015750405586009715,0.6212624907493591,597,[17 23  8 15]
600,148158,18.562049424915543,0.015616702843201005,0.6227565407752991,598,[ 9 12  1  8]
601,342003,18.57007843740801,0.01558816826205632,0.6236283779144287,599,[21 22  5  3]
602,293341,18.57054108907912,0.015586080408461248,0.6238203644752502,600,[18 19  8 16]
603,241211,18.57837979812381,0.015565008391994877,0.6256386637687683,601,[15 10 23 11]
604,16900,18.574079685977495,0.015584691859900556,0.6254709959030151,602,[1 2 1 0]
605,378447,18.653122590048316,0.015319394286891117,0.6272284984588623,603,[24  5 12 22]
606,121685,18.68275150696857,0.015205919816670655,0.628958523273468,604,[ 7 19 17 10]
607,151497,18.722151368298128,0.01506970385395466,0.6312088370323181,605,[ 9 17  9 22]
608,33200,18.728000826713483,0.015045062380876143,0.6297495365142822,606,[2 3 3 0]
609,48850,18.731114615404245,0.015030565857979917,0.6298556327819824,607,[3 3 4 0]
610,64541,18.91816624642516,0.014441953298969799,0.6316866278648376,608,[ 4  3  6 16]
611,268581,18.92462349098307,0.014417087698219075,0.6331735849380493,609,[17  4 18  6]
612,7394,18.933642168330827,0.014379781377855103,0.6336210370063782,610,[ 0 11 20 19]
613,164102,18.9362445468885,0.014375767307577553,0.6333017349243164,611,[10 12 14  2]
614,78361,18.948207263515027,0.014332456828799585,0.6346614360809326,612,[ 5  0  9 11]
615,328823,18.962738535603187,0.014274810934108314,0.6356573700904846,613,[21  1  2 23]
616,130640,19.06528847760793,0.013982889254075554,0.6344086527824402,614,[ 8  9  0 15]
617,219530,19.168054090865777,0.013728603359422447,0.6345919966697693,615,[14  1  6  5]
618,358680,19.179779437623875,0.013695252757366848,0.6366515755653381,616,[22 23 22  5]
619,213802,19.297865119292076,0.013085905816320142,0.646332323551178,617,[13 17  2  2]
620,92318,19.29779768952549,0.013086232703102593,0.6463682055473328,618,[ 5 22 17 18]
621,271320,19.29753588165417,0.013086874829217356,0.6463813781738281,619,[17  9  2 20]
622,140438,19.272352869780246,0.013162882896962026,0.6471415162086487,619,[ 8 24 17 13]
623,27026,19.27078424897613,0.013174273691805587,0.6477109789848328,620,[ 1 18  6  1]
624,341891,19.314443008294727,0.013025876120727828,0.6493710279464722,620,[21 22  0 16]
625,332053,19.31820762145404,0.013021726745286531,0.6488802433013916,620,[21  6  7  3]
626,247005,19.32145799838526,0.01300778066111092,0.6492225527763367,621,[15 20  5  5]
627,34440,19.320358926179193,0.013008512934220732,0.6496052742004395,621,[ 2  5  2 15]
628,229553,19.322092867604944,0.013000843331898682,0.6493986248970032,621,[14 17  7  3]
629,312318,19.321652496120628,0.013001060782653678,0.649383008480072,621,[19 24 17 18]
630,83160,19.326957867198963,0.012985718563333267,0.6490107178688049,621,[ 5  8  1 10]
631,364655,19.32862609806288,0.012977327752836788,0.6489524841308594,621,[23  8 11  5]
632,116494,19.337836873679546,0.012957027748427816,0.6497650742530823,621,[ 7 11  9 19]
633,224165,19.35986249216116,0.012891019363081114,0.6524221301078796,621,[14  8 16 15]
634,7053,19.359985390887793,0.012893548291033301,0.6512662768363953,621,[ 0 11  7  3]
635,147689,19.35878041557796,0.012897667634404909,0.6511557698249817,621,[ 9 11  7 14]
636,126533,19.37603430143829,0.012843042782291094,0.6529645323753357,621,[ 8  2 11  8]
637,357198,19.37552373247353,0.012833102222027628,0.6532731056213379,621,[22 21 12 23]
638,157244,19.50005796213731,0.012459936009308854,0.6561480760574341,621,[10  1 14 19]
639,333855,19.507681227730362,0.012400218355195523,0.6557567715644836,621,[21  9  4  5]
640,183115,19.50889382763272,0.012390036032811354,0.6564256548881531,621,[11 17 24 15]
641,181227,19.5081433964393,0.012382394277273914,0.656363308429718,621,[11 14 24  2]
642,55583,19.519566991395735,0.012350792934649099,0.6561119556427002,621,[ 3 13 23  8]
643,192267,19.544397190851686,0.012280789713395938,0.6566388607025146,621,[12  7 15 17]
644,78606,19.544506600915426,0.01228007770468912,0.6566571593284607,621,[ 5  0 19  6]
645,235852,19.583563016370526,0.012134300643354719,0.656144917011261,621,[15  2  9  2]
646,131001,19.689045767115665,0.011828408507378577,0.6527034640312195,621,[ 8  9 15  1]
647,136502,19.69010120182261,0.011823585759250329,0.6531226634979248,621,[ 8 18 10  2]
648,381568,19.69168270846673,0.011819573445056079,0.6533393263816833,621,[24 10 12 18]
649,37914,19.691518590953105,0.011817976095935996,0.6530306339263916,621,[ 2 10 16 14]
650,58140,19.689437677942998,0.011815830125183863,0.6524636745452881,621,[ 3 18  0 15]
651,65662,19.74164534571536,0.01165241512054306,0.6518632769584656,621,[ 4  5  1 12]
652,34203,19.78079525260432,0.011532123899555336,0.6522612571716309,621,[ 2  4 18  3]
653,151316,19.79420711142708,0.011485906254088423,0.6525225043296814,621,[ 9 17  2 16]
654,136488,19.79379569375389,0.011488307834451553,0.6521260142326355,621,[ 8 18  9 13]
655,291430,19.807670005547198,0.011452849432722087,0.6527859568595886,621,[18 16  7  5]
656,59158,19.80788395209933,0.011451833052376719,0.6528233885765076,621,[ 3 19 16  8]
657,72499,19.864226651995082,0.0112774265389602,0.6573548913002014,621,[ 4 15 24 24]
658,51551,19.89825191535871,0.011209590920535856,0.6577136516571045,622,[ 3  7 12  1]
659,110297,19.93605932160798,0.01111772639888577,0.6605739593505859,622,[ 7  1 11 22]
660,232884,19.937142907128628,0.011113108877737867,0.6607586741447449,622,[14 22 15  9]
661,334419,19.957930176930976,0.011064991055986843,0.6598302721977234,622,[21 10  1 19]
662,21038,19.95853202745899,0.011064563535827828,0.6603376269340515,622,[ 1  8 16 13]
663,18238,19.964719024073514,0.011040405271421446,0.6614169478416443,622,[ 1  4  4 13]
664,160345,19.973181246409496,0.011016363334512698,0.6621341705322266,622,[10  6 13 20]
665,209930,19.97370380248674,0.011018131865032465,0.6619396805763245,622,[13 10 22  5]
666,50209,19.96705690499232,0.011035183162794782,0.6615312099456787,622,[3 5 8 9]
667,88136,19.96658335022713,0.011033674447842706,0.6616196632385254,622,[ 5 16  0 11]
668,367374,20.006844883299976,0.01092532268548314,0.6626652479171753,622,[23 12 19 24]
669,369014,20.011767063635723,0.010906859626392373,0.662199079990387,622,[23 15 10 14]
670,133722,20.015626316310012,0.01090195201347398,0.6614097356796265,622,[ 8 13 23 22]
671,286975,20.015900496817565,0.010900238258925991,0.662392258644104,622,[18  9  4  0]
672,52970,20.01621927954656,0.01089958383472557,0.6624220013618469,622,[ 3  9 18 20]
673,265498,20.034118809971524,0.01085482808412807,0.6632102131843567,622,[16 24 19 23]
674,97814,20.11409627053216,0.010667788503753928,0.6664373874664307,622,[ 6  6 12 14]
675,20433,20.129871437848685,0.010619170943938995,0.6666713953018188,622,[ 1  7 17  8]
676,339439,20.15563089548181,0.01056636609353002,0.6673012375831604,622,[21 18  2 14]
677,291592,20.160447331286324,0.01055010616266004,0.6671445369720459,622,[18 16 13 17]
678,73141,20.16081660153499,0.010551584800331375,0.6673814654350281,622,[ 4 17  0 16]
679,127522,20.197234901052354,0.010453036614313871,0.6693578958511353,622,[ 8  4  0 22]
680,242298,20.22288502246667,0.010421869054453208,0.6665365099906921,623,[15 12 16 23]
681,316659,20.27052176285582,0.010306420052260575,0.6674531698226929,623,[20  6 16  9]
682,374098,20.272488617520633,0.010306770345131045,0.6675145030021667,623,[23 23 13 23]
683,110886,20.894604717192085,0.00889758839453537,0.6725313067436218,623,[ 7  2 10 11]
684,123973,20.895932778314652,0.00889257347171235,0.67193204164505,623,[ 7 23  8 23]
685,15362,20.92569459840187,0.008829684412683935,0.6721218824386597,623,[ 0 24 14 12]
686,147505,20.95781836105644,0.008735386706345043,0.6758544445037842,623,[ 9 11  0  5]
687,83125,21.015985146166237,0.008610477645487467,0.677127480506897,623,[5 8 0 0]
688,3909,21.04128583465535,0.008566697982136108,0.6767377257347107,623,[0 6 6 9]
689,299551,21.041526216467503,0.00855532217985524,0.6781381368637085,623,[19  4  7  1]
690,124493,21.062829771442804,0.008512370841045691,0.6806617975234985,623,[ 7 24  4 18]
691,61204,21.102425469476863,0.008438250942434541,0.6861962676048279,623,[ 3 22 23  4]
692,164705,21.11043421551225,0.008416434765420939,0.6861956119537354,623,[10 13 13  5]
693,311599,21.11916575378228,0.008401289926806397,0.6865139603614807,623,[19 23 13 24]
694,216448,21.161619590090666,0.008314504429359625,0.6863218545913696,623,[13 21  7 23]
695,333101,21.163058376896856,0.00830897526887108,0.6863793730735779,623,[21  7 24  1]
696,365856,21.20188779779228,0.008240700104570915,0.6865138411521912,623,[23 10  9  6]
697,272205,21.204747939765266,0.008234074044798149,0.6876043081283569,623,[17 10 13  5]
698,275066,21.207926412441136,0.008226708679070216,0.6874852180480957,623,[17 15  2 16]
699,343323,21.207357110228795,0.00822033222556488,0.6887062191963196,623,[21 24  7 23]
700,105834,21.224962242641816,0.008177795788786864,0.6908947825431824,623,[ 6 19  8  9]
701,378395,21.25952423254725,0.008111521481469585,0.6928278207778931,623,[24  5 10 20]
702,176502,21.25972948176176,0.008111033103203649,0.692851722240448,623,[11  7 10  2]
703,38466,21.25747320634204,0.008114880468906288,0.6927346587181091,623,[ 2 11 13 16]
704,189498,21.275098773857323,0.008079818561157885,0.6945443153381348,623,[12  3  4 23]
705,288683,21.275851130728487,0.008074858169925272,0.6945455074310303,623,[18 11 22  8]
706,178996,21.273157658431504,0.008079171847878274,0.6944364905357361,623,[11 11  9 21]
707,223197,21.272549162095263,0.008080719917818942,0.6943329572677612,623,[14  7  2 22]
708,283767,21.272581240152117,0.008080573481441183,0.6943552494049072,623,[18  4  0 17]
709,128650,21.273443979229526,0.008077963987643398,0.6944636702537537,623,[ 8  5 21  0]
710,263152,21.30879269194725,0.008019812770152703,0.6975622773170471,623,[16 21  1  2]
711,35957,21.344437826359606,0.007954261019538963,0.6989136338233948,623,[ 2  7 13  7]
712,264156,21.381130106037965,0.007884996857376496,0.6978587508201599,623,[16 22 16  6]
713,44703,21.399885897278665,0.007843801067314086,0.7001270055770874,623,[ 2 21 13  3]
714,81901,21.398182728161373,0.007845941860462153,0.699981153011322,623,[5 6 1 1]
715,181390,21.458116670338793,0.007744581399353288,0.7013185620307922,623,[11 15  5 15]
716,160899,21.458268241064616,0.007744172735996878,0.701344907283783,623,[10  7 10 24]
717,262327,21.457831593640996,0.007744421304287021,0.701302170753479,623,[16 19 18  2]
718,284219,21.519645451992492,0.007623384734415902,0.6999492049217224,623,[18  4 18 19]
719,357361,21.54766618148159,0.0075633987140404655,0.7060814499855042,623,[22 21 19 11]
720,366966,21.5479422661185,0.007561420534437184,0.7063605785369873,623,[23 12  3 16]
721,106036,21.550695188783425,0.0075572732214934605,0.7062985897064209,623,[ 6 19 16 11]
722,174534,21.55789796575776,0.007544445849292237,0.7062410712242126,623,[11  4  6  9]
723,53559,21.560639760612364,0.007539541482275843,0.7064903974533081,623,[ 3 10 17  9]
724,277498,21.55476767772107,0.00754359333299152,0.7064633965492249,623,[17 18 24 23]
725,252811,21.57793576201282,0.007499555923176899,0.7063918113708496,623,[16  4 12 11]
726,138133,21.581363363980543,0.0074918800903462325,0.7069075703620911,623,[ 8 21  0  8]
727,104668,21.639113944420547,0.00740287881371613,0.7078754901885986,623,[ 6 17 11 18]
728,192533,21.65001378990937,0.007383278942201423,0.7077510356903076,623,[12  8  1  8]
729,274099,21.652435316764027,0.0073798938071928675,0.708080530166626,623,[17 13 13 24]
730,198329,21.66141198669511,0.007362783297166714,0.7088541984558105,623,[12 17  8  4]
731,280813,21.659670751910745,0.007366573227916416,0.7088781595230103,623,[17 24  7 13]
732,212942,21.692674439468146,0.007309155074226254,0.7114148139953613,623,[13 15 17 17]
733,305242,21.69148182930209,0.007311058710760699,0.7114353179931641,623,[19 13  9 17]
734,131939,21.70724152721162,0.0072781235966559105,0.7128559350967407,623,[ 8 11  2 14]
735,197771,21.70749076852823,0.0072763155089640265,0.7128598690032959,623,[12 16 10 21]
736,380599,21.709280439590373,0.007273549098964536,0.7127720713615417,623,[24  8 23 24]
737,55789,21.70825435780507,0.007274209037584572,0.7127481698989868,623,[ 3 14  6 14]
738,154221,21.72265982840122,0.0072509308390100845,0.7125028371810913,623,[ 9 21 18 21]
739,329074,21.733370626015645,0.007229942720681743,0.7130036950111389,623,[21  1 12 24]
740,170582,21.75736982508751,0.007190448592283769,0.7143031358718872,623,[10 22 23  7]
741,87779,21.75804370448408,0.007188393103860494,0.714469313621521,623,[ 5 15 11  4]
742,103007,21.757222882907314,0.007188824949787775,0.7145879864692688,623,[ 6 14 20  7]
743,349675,21.756477691575313,0.007189206151193099,0.7148473858833313,623,[22  9 12  0]
744,211013,21.807000587631133,0.0071076471313300015,0.7175034880638123,623,[13 12 15 13]
745,242120,21.811331412276992,0.007099928870733362,0.7183250188827515,623,[15 12  9 20]
746,316091,21.823306328150075,0.007078139540205126,0.7201644778251648,623,[20  5 18 16]
747,104814,21.824648628627852,0.0070763092033309305,0.7210682034492493,623,[ 6 17 17 14]
748,112310,21.826108114748124,0.007073596407726137,0.7211553454399109,623,[ 7  4 17 10]
749,312107,21.83192788636118,0.007060530174008129,0.721750020980835,623,[19 24  9  7]
750,194756,21.841772590292308,0.0070465793885706035,0.7220946550369263,623,[12 11 15  6]
751,37013,21.84492552035721,0.007042565346275228,0.7219463586807251,623,[ 2  9  5 13]
752,129652,21.85625972215526,0.007023326246678496,0.7228178381919861,623,[ 8  7 11  2]
753,124105,21.857821662626932,0.007022074582666068,0.7225625514984131,623,[ 7 23 14  5]
754,187222,21.85646817910711,0.007023121163798505,0.7224777340888977,623,[11 24 13 22]
755,233176,21.84715316389103,0.007036888532355054,0.7224506139755249,623,[14 23  2  1]
756,264822,21.8444349263665,0.007038832392607418,0.7228007316589355,623,[16 23 17 22]
757,362235,21.843916460513533,0.007039565236836171,0.7227641344070435,623,[23  4 14 10]
758,195029,21.843574862670387,0.007040453212353691,0.7227336168289185,623,[12 12  1  4]
759,156589,21.84552527234811,0.007036103214006914,0.7228019833564758,623,[10  0 13 14]
760,171588,21.924261257205423,0.006917232176267657,0.723257839679718,623,[10 24 13 13]
761,106855,21.924054405167453,0.00691511273566074,0.7235502600669861,623,[ 6 20 24  5]
762,196462,21.92612762533618,0.006912515351343257,0.7232503294944763,623,[12 14  8 12]
763,113255,21.947176046384502,0.006875866371891971,0.7237691283226013,623,[7 6 5 5]
764,197211,21.95049187372216,0.006867031005620356,0.7244278192520142,623,[12 15 13 11]
765,123091,21.949877338478675,0.006867960373998585,0.7244411706924438,623,[ 7 21 23 16]
766,273703,21.95200882089501,0.006865318797797545,0.7242994904518127,623,[17 12 23  3]
767,163100,21.958488058781672,0.006849294884251345,0.7248847484588623,623,[10 10 24  0]
768,198721,21.948407144879013,0.006861284213220029,0.7255063056945801,623,[12 17 23 21]
769,118508,21.9563616079568,0.006851522955851453,0.7252039909362793,623,[ 7 14 15  8]
770,32063,21.95577776804569,0.0068531421584908355,0.7250851392745972,623,[ 2  1  7 13]
771,121024,21.95730265863624,0.006845417631881105,0.724974513053894,623,[ 7 18 15 24]
772,183832,22.01126763428733,0.0067615070235924404,0.7288079261779785,623,[11 19  3  7]
773,5673,22.040582183428175,0.006718727047943531,0.7307006120681763,623,[ 0  9  1 23]
774,354000,22.14977852724158,0.006561897078179453,0.7345290184020996,623,[22 16 10  0]
775,56979,22.169614587361966,0.0065246506552921885,0.7364382147789001,623,[ 3 16  4  4]
776,253092,22.169691934387824,0.006524893929216052,0.7363792657852173,623,[16  4 23 17]
777,308005,22.218520768649572,0.006460626301149955,0.7372983694076538,623,[19 17 20  5]
778,355159,22.224177710144076,0.0064508640353858684,0.7381622791290283,623,[22 18  6  9]
779,259074,22.227710641379566,0.006446238476456369,0.7382371425628662,623,[16 14 12 24]
780,358517,22.228788092724695,0.0064447369380027635,0.7383010387420654,623,[22 23 15 17]
781,47806,22.227705164572207,0.006446370925278885,0.7382842302322388,623,[ 3  1 12  6]
782,191434,22.239768620348098,0.006432854049917256,0.7382653951644897,623,[12  6  7  9]
783,17069,22.2531323054571,0.006412245484625038,0.7391570806503296,623,[ 1  2  7 19]
784,36181,22.300387433001738,0.006358848281141263,0.7378587126731873,623,[ 2  7 22  6]
785,74548,22.30343209500246,0.006354730656845455,0.7382502555847168,623,[ 4 19  6 23]
786,191681,22.301021850805473,0.006357391551191139,0.7381293773651123,623,[12  6 17  6]
787,154134,22.301202273814926,0.006357228086342874,0.7381359338760376,623,[ 9 21 15  9]
788,20311,22.30099673915198,0.006357484048622561,0.7381294369697571,623,[ 1  7 12 11]
789,377405,22.3030783720011,0.006351970188805471,0.7387600541114807,623,[24  3 21  5]
790,318221,22.310989689722444,0.006336547334690718,0.7382349371910095,623,[20  9  3 21]
791,376366,22.31807091772712,0.006322880666906127,0.7396610975265503,623,[24  2  4 16]
792,254391,22.325304260175912,0.006311937038108048,0.7403401732444763,623,[16  7  0 16]
793,244063,22.346126533354997,0.006306196787483057,0.741698145866394,623,[15 15 12 13]
794,201005,22.357779603700756,0.006285540466589663,0.7421406507492065,623,[12 21 15  5]
795,23789,22.36218870818011,0.006278615438224321,0.742708146572113,623,[ 1 13  1 14]
796,98302,22.381844873766397,0.006238012263021666,0.7430940270423889,623,[6 7 7 2]
797,369377,22.39606185789323,0.0062192291807854645,0.7428626418113708,623,[23 16  0  2]
798,322718,22.397416598179653,0.006215216249918234,0.7434740662574768,623,[20 16  8 18]
799,181075,22.40935912716317,0.006202113194168919,0.7444010972976685,623,[11 14 18  0]
800,41065,22.756926348514522,0.005735837636519733,0.7513561844825745,623,[ 2 15 17 15]
801,275674,22.76778513500652,0.005716422811633124,0.7511175274848938,623,[17 16  1 24]
802,109669,22.801674047345003,0.005669189641943402,0.7525566220283508,623,[ 7  0 11 19]
803,148803,22.819906173832294,0.005646493285765414,0.752795934677124,623,[ 9 13  2  3]
804,277434,22.82136812576222,0.005644728205154793,0.7528306841850281,623,[17 18 22  9]
805,270711,22.821218856035905,0.0056451758308485355,0.7527238726615906,623,[17  8  3 11]
806,272776,22.865524377496488,0.005588675011885328,0.7549285888671875,623,[17 11 11  1]
807,25993,22.91931892705766,0.005526147887291786,0.7553203105926514,623,[ 1 16 14 18]
808,388987,22.96662086204224,0.005453216100833857,0.7576765418052673,623,[24 22  9 12]
809,226726,23.003171844536595,0.005403931703725273,0.7598302364349365,623,[14 12 19  1]
810,234546,23.016779224606342,0.005382137423502701,0.7611775994300842,623,[15  0  6 21]
811,264558,23.052610017491798,0.005345008933822127,0.7609975934028625,623,[16 23  7  8]
812,187352,23.052985555424307,0.005343107047450501,0.7611369490623474,623,[11 24 19  2]
813,115075,23.052904885274444,0.005343182772299826,0.7611562609672546,623,[7 9 3 0]
814,302469,23.061158780182378,0.005331255098465641,0.7614669799804688,623,[19  8 23 19]
815,355832,23.060211258303962,0.00533158537625789,0.7613768577575684,623,[22 19  8  7]
816,315414,23.064436844650107,0.005325840184043432,0.7617246508598328,623,[20  4 16 14]
817,51228,23.077068577215503,0.005308445667407529,0.7618099451065063,623,[ 3  6 24  3]
818,12494,23.077173677887018,0.005308198694778526,0.7619221210479736,623,[ 0 19 24 19]
819,56857,23.078976094593287,0.0053057156372148554,0.7616744041442871,623,[ 3 15 24  7]
820,248866,23.07892079676673,0.005305735196452386,0.761667788028717,623,[15 23  4 16]
821,321505,23.118871680923093,0.005254737328131048,0.7626219987869263,623,[20 14 10  5]
822,20858,23.11802631145401,0.005254899651540269,0.7628638744354248,623,[1 8 9 8]
823,96338,23.127157270892646,0.005243088863925505,0.7632656693458557,623,[ 6  4  3 13]
824,192326,23.134086188888222,0.005233946536488475,0.7632018327713013,623,[12  7 18  1]
825,32070,23.133486031463324,0.005232381962418595,0.7636927962303162,623,[ 2  1  7 20]
826,281329,23.156764197109958,0.005202247038055045,0.7647022008895874,623,[18  0  3  4]
827,282201,23.207490329095606,0.005151188024244901,0.7643032670021057,623,[18  1 13  1]
828,120941,23.361387642936634,0.004980130554045167,0.7661259174346924,623,[ 7 18 12 16]
829,360928,23.360596357636915,0.004981131961146843,0.7661769390106201,623,[23  2 12  3]
830,78360,23.40656032298463,0.004889163762617023,0.7676032185554504,623,[ 5  0  9 10]
831,225585,23.406585052070497,0.004888973033605204,0.7675638794898987,623,[14 10 23 10]
832,221199,23.42139550526683,0.004862115747623743,0.7719356417655945,623,[14  3 22 24]
833,57996,23.43639176425194,0.004848165708300156,0.7730927467346191,623,[ 3 17 19 21]
834,196827,23.4446664825751,0.004836702296887392,0.7741240859031677,623,[12 14 23  2]
835,147343,23.550658101220094,0.0047238411385148215,0.7784757018089294,623,[ 9 10 18 18]
836,14703,23.54962190349945,0.00472492995000315,0.7782852649688721,623,[ 0 23 13  3]
837,366019,23.900888499460425,0.004347323880582164,0.7827652096748352,623,[23 10 15 19]
838,302343,23.903932866260806,0.004344386032224506,0.7828565239906311,623,[19  8 18 18]
839,349732,23.91103619583768,0.004337225540043145,0.7830963730812073,623,[22  9 14  7]
840,11948,23.9160501774677,0.0043321346247355,0.7833569049835205,623,[ 0 19  2 23]
841,284527,24.126038421525195,0.004148652336986929,0.7789801955223083,624,[18  5  6  2]
842,160773,24.168391201455883,0.004103189813218584,0.7796521782875061,624,[10  7  5 23]
843,218998,24.238224449888158,0.0040301987834664545,0.7875393629074097,624,[14  0  9 23]
844,338652,24.296772276930724,0.003978473571234697,0.7890151739120483,624,[21 16 21  2]
845,46147,24.356959507698832,0.003921507868156357,0.790924072265625,624,[ 2 23 20 22]
846,345401,24.364611364012475,0.00391520918931493,0.7911797165870667,624,[22  2 16  1]
847,246688,24.36506170281271,0.003915134267503726,0.7911529541015625,624,[15 19 17 13]
848,82436,24.37734231328421,0.0039031365876260197,0.7914132475852966,624,[ 5  6 22 11]
849,368708,24.378875802969713,0.0039024627998012905,0.7913655042648315,624,[23 14 23  8]
850,123298,24.4228026261727,0.003861479629857392,0.7927213907241821,624,[ 7 22  6 23]
851,226885,24.438782753697215,0.0038448191362564416,0.7940534353256226,624,[14 13  0 10]
852,11557,24.438944304559595,0.003844326217904539,0.7940170764923096,624,[ 0 18 12  7]
853,136072,24.439603108005645,0.0038424940999545044,0.7942687273025513,624,[ 8 17 17 22]
854,38523,24.439447187085598,0.0038423549557070743,0.7942302823066711,624,[ 2 11 15 23]
855,251821,24.439263541510414,0.0038427741350143207,0.7945802211761475,624,[16  2 22 21]
856,294157,24.43929767169314,0.0038427903140600675,0.7945701479911804,624,[18 20 16  7]
857,151418,24.443304636705236,0.0038397940033993664,0.7949017286300659,624,[ 9 17  6 18]
858,144489,24.445746608665097,0.003837697039812175,0.794913649559021,624,[ 9  6  4 14]
859,204964,24.445913862472885,0.0038379081688827447,0.7948649525642395,624,[13  2 23 14]
860,329924,24.443287344324162,0.003840144449764405,0.7948775291442871,624,[21  2 21 24]
861,160163,24.43946582300153,0.003843038475455978,0.7947978377342224,624,[10  6  6 13]
862,73286,24.4383136295715,0.0038439718217386145,0.7946923971176147,624,[ 4 17  6 11]
863,32880,24.527665201986032,0.0037651912505902033,0.7963942885398865,624,[ 2  2 15  5]
864,250845,24.527758554442556,0.003763292889161619,0.796569287776947,624,[16  1  8 20]
865,60412,24.556394076943945,0.003736414637837271,0.7974948287010193,624,[ 3 21 16 12]
866,116858,24.561733721230894,0.003731393127433722,0.7975801229476929,624,[ 7 11 24  8]
867,379083,24.563269017039016,0.0037295734249002863,0.7977756261825562,624,[24  6 13  8]
868,214706,24.582527871051255,0.0037115094835759237,0.7981775403022766,624,[13 18 13  6]
869,244233,24.63278382051621,0.003664796257496505,0.8003144264221191,624,[15 15 19  8]
870,333565,24.635994474342727,0.0036616814795990137,0.800429105758667,624,[21  8 17 15]
871,140365,24.63818290980294,0.0036598623682045583,0.8004574775695801,624,[ 8 24 14 15]
872,255336,24.636969676659213,0.0036611758686489865,0.8004228472709656,624,[16  8 13 11]
873,65429,24.63671243878558,0.003661379241313813,0.8004106879234314,624,[ 4  4 17  4]
874,220304,24.652948491872955,0.0036473790089879663,0.8014468550682068,624,[14  2 12  4]
875,342282,24.652048002540855,0.0036481203036956215,0.8014209866523743,624,[21 22 16  7]
876,174502,24.65703719381409,0.003643684521209313,0.8018030524253845,624,[11  4  5  2]
877,283328,24.666398349417463,0.0036377460761816394,0.8016376495361328,624,[18  3  8  3]
878,14638,24.671689523339996,0.003633788078635375,0.8015086650848389,624,[ 0 23 10 13]
879,388387,24.670228853901385,0.003646470277199332,0.8008465766906738,624,[24 21 10 12]
880,42196,24.689817771417715,0.0036301993981780016,0.8013561964035034,624,[ 2 17 12 21]
881,38670,24.69185158113379,0.0036286811464485906,0.8012678623199463,624,[ 2 11 21 20]
882,209980,24.72322841946834,0.0035986778147200737,0.802946925163269,624,[13 10 24  5]
883,203630,24.724894488382823,0.0035960509023788404,0.8032048940658569,624,[13  0 20  5]
884,222020,24.887589688972227,0.003474245463797847,0.8020775318145752,624,[14  5  5 20]
885,315023,24.902604516415895,0.003460386560309788,0.8019329309463501,624,[20  4  0 23]
886,330023,24.909400610398123,0.0034533522930580416,0.8025526404380798,624,[21  3  0 23]
887,210806,24.91376721116007,0.003449731092261828,0.8030130863189697,624,[13 12  7  6]
888,308476,24.916440364378197,0.0034464471270423546,0.8033409118652344,624,[19 18 14  1]
889,43266,24.91974235635647,0.003442607902555119,0.8033913969993591,624,[ 2 19  5 16]
890,279304,24.933917385963575,0.0034308944362902182,0.8038744926452637,624,[17 21 22  4]
891,288083,24.99875304459586,0.0033773897863375183,0.8074887990951538,624,[18 10 23  8]
892,166270,24.99861588910822,0.0033775455094864596,0.80747389793396,624,[10 16  0 20]
893,6615,25.113757381546364,0.0032979100140020593,0.8059396147727966,624,[ 0 10 14 15]
894,346280,25.111418165158653,0.0032990492334178624,0.8059815764427185,624,[22  4  1  5]
895,66173,25.113578040336797,0.003296433996779791,0.8059945702552795,624,[ 4  5 21 23]
896,109842,25.13586305896608,0.003280276491406954,0.8067046999931335,624,[ 7  0 18 17]
897,5763,25.138779459468555,0.0032778125798959765,0.8065648078918457,624,[ 0  9  5 13]
898,235486,25.157064592178827,0.003264681443253604,0.8074193596839905,624,[15  1 19 11]
899,67363,25.167157424740342,0.0032572829483339346,0.8073948621749878,624,[ 4  7 19 13]
900,44722,25.168893989650346,0.0032557778857105505,0.8074920773506165,624,[ 2 21 13 22]
901,253496,25.22910928477772,0.003215490347913503,0.8087726831436157,624,[16  5 14 21]
902,304694,25.233538485112824,0.0032121992106420153,0.808927059173584,624,[19 12 12 19]
903,119630,25.23498415377024,0.003210590265221575,0.8091665506362915,624,[ 7 16 10  5]
904,136585,25.242821138398867,0.003204065952153801,0.8095436096191406,624,[ 8 18 13 10]
905,13224,25.243436105882754,0.003202784417148305,0.8096812963485718,624,[ 0 21  3 24]
906,187460,25.69688381519983,0.0029101246719591394,0.815318763256073,624,[11 24 23 10]
907,283242,25.72229519679275,0.0028923873616490026,0.8163716793060303,624,[18  3  4 17]
908,33193,25.732992486027037,0.0028848919330872603,0.8167039752006531,624,[ 2  3  2 18]
909,19580,25.749672324203615,0.002875101251087091,0.8175122141838074,624,[1 6 8 5]
910,7508,25.872754418235758,0.002790471124398738,0.8180415630340576,624,[ 0 12  0  8]
911,238082,26.004182178481745,0.002718789606000803,0.8215363025665283,624,[15  5 23  7]
912,386434,26.001839813040256,0.0027202150036856215,0.8213859796524048,624,[24 18  7  9]
913,236548,26.030073116791215,0.00270258767901606,0.8212200999259949,624,[15  3 11 23]
914,290357,26.046984766005483,0.002693394427041172,0.8220061659812927,624,[18 14 14  7]
915,252334,26.051487587535647,0.00269060823245009,0.8223384022712708,624,[16  3 18  9]
916,224931,26.050994063348064,0.0026907927812391905,0.8223320245742798,624,[14  9 22  6]
917,7317,26.05169716464176,0.0026908464970794013,0.8223446607589722,624,[ 0 11 17 17]
918,81110,26.05306698371319,0.0026896734960025013,0.8224579691886902,624,[ 5  4 19 10]
919,354633,26.07310567231339,0.002671572124406822,0.8252786993980408,624,[22 17 10  8]
920,61744,26.123115155303992,0.002641832856526537,0.8269098401069641,624,[ 3 23 19 19]
921,81555,26.30627227863275,0.002533761400062938,0.8302203416824341,624,[ 5  5 12  5]
922,248271,26.307176544889618,0.0025331588267851176,0.8303895592689514,624,[15 22  5 21]
923,329709,26.317576727589884,0.002526300822742949,0.8312275409698486,624,[21  2 13  9]
924,40133,26.371620043274273,0.002494751392182607,0.8321072459220886,624,[ 2 14  5  8]
925,303820,26.37150760056155,0.0024950817227114763,0.8322234153747559,624,[19 11  2 20]
926,49179,26.374315689324433,0.002493102448104426,0.8322558403015137,624,[ 3  3 17  4]
927,53663,26.406140856472756,0.0024690771327622214,0.834747850894928,624,[ 3 10 21 13]
928,321670,26.405479719748385,0.0024669601589386784,0.8347753882408142,624,[20 14 16 20]
929,369609,26.454452294986947,0.002439810872550354,0.8370725512504578,624,[23 16  9  9]
930,229761,26.454385362919083,0.002439809563624169,0.8370834589004517,624,[14 17 15 11]
931,250068,26.455568516344012,0.0024392663816564146,0.8371182084083557,624,[16  0  2 18]
932,251558,26.693635962077842,0.002325357357744739,0.8360663652420044,624,[16  2 12  8]
933,220472,26.694082565447488,0.0023251083264234063,0.8361050486564636,624,[14  2 18 22]
934,61712,26.6992849886711,0.0023204262286695278,0.8361796736717224,624,[ 3 23 18 12]
935,303483,26.695537266972753,0.0023225899290902846,0.835968554019928,624,[19 10 14  8]
936,262042,26.69614696781405,0.002322322696880042,0.8360212445259094,624,[16 19  6 17]
937,341565,26.696298947702854,0.002322389801058307,0.8361251950263977,624,[21 21 12 15]
